  0.707106781186547       1.574741156752666E-037
 -0.705294739672143      -7.110790848344023E-003
  1.428057249965534E-002 -4.795578702337003E-002
  7.525886138044962E-004 -2.123250985402678E-003
  3.524199021969657E-038 -3.143613263170148E-038
  3.448509428063844E-039  2.215692037277921E-039
 -6.923061676231953E-040 -7.951234080467391E-040
 -1.280080758333653E-040 -2.768752333378139E-040
 -1.233605758195967E-041 -8.176737215673795E-041
 -2.642113943384565E-042  1.966085109461419E-041
  2.126171654238093E-042 -4.800918366763633E-042
 -6.838397690977996E-043  8.115050024418339E-043
